subject_id,subject_language,18-29yrs,30-39yrs,40-49yrs,50-59yrs,60-69yrs,more_than_69yrs,handedness_L,handedness_R,french_native,french_non_native,lang_other_target_no,lang_other_target_yes,other_lang_na,other_lang_na2,other_lang_native,other_lang_bcpdexp,other_lang_assezdexp,other_lang_unpeudexp,other_lang_trespeudexp,other_lang_comp_na,other_lang_comp_na2,other_lang_comp_native,other_lang_presque_native,other_lang_avancee,other_lang_intermediare,other_lang_debutant,hear_vis_problems_yes,hear_vis_problems_no,troubles_de_lang_yes,troubles_de_lang_no,ling_course_yes,ling_course_no,phonet_course_yes,phonet_course_no,phonog_course_yes,phonog_course_no
X_NUXHLOJYVC,eng,0,1,0,0,0,0,0,1,,,0.0,1,0,,0,0.0,0.0,1.0,0.0,0.0,,0.0,0.0,0.0,1.0,0.0,0.0,1.0,0.0,1.0,0.0,1.0,0.0,1.0,0.0,1.0
X_BXDUYGLTPI,eng,1,0,0,0,0,0,0,1,,,1.0,0,1,,0,0.0,0.0,0.0,0.0,1.0,,0.0,0.0,0.0,0.0,0.0,0.0,1.0,0.0,1.0,0.0,1.0,0.0,1.0,0.0,1.0
X_PGESXNWMAC,eng,0,0,0,1,0,0,0,1,,,0.0,1,0,,0,0.0,0.0,1.0,0.0,0.0,,0.0,0.0,0.0,1.0,0.0,0.0,1.0,0.0,1.0,0.0,1.0,0.0,1.0,0.0,1.0
X_NTYKMBLRZJ,eng,0,1,0,0,0,0,0,1,,,0.0,1,0,,0,0.0,0.0,0.0,1.0,0.0,,0.0,0.0,0.0,0.0,1.0,0.0,1.0,0.0,1.0,0.0,1.0,0.0,1.0,0.0,1.0
X_DEJRLMYFHX,eng,0,0,0,1,0,0,1,0,,,1.0,0,1,,0,0.0,0.0,0.0,0.0,1.0,,0.0,0.0,0.0,0.0,0.0,0.0,1.0,0.0,1.0,0.0,1.0,0.0,1.0,0.0,1.0
X_OAZPBLCXSD,eng,0,1,0,0,0,0,0,1,,,1.0,0,0,,1,0.0,0.0,0.0,0.0,0.0,,1.0,0.0,0.0,0.0,0.0,0.0,1.0,0.0,1.0,0.0,1.0,0.0,1.0,0.0,1.0
X_CGJFIRPMVZ,eng,0,0,0,0,1,0,0,1,,,1.0,0,1,,0,0.0,0.0,0.0,0.0,1.0,,0.0,0.0,0.0,0.0,0.0,0.0,1.0,0.0,1.0,0.0,1.0,0.0,1.0,0.0,1.0
X_NYVSJXPQCL,eng,0,0,1,0,0,0,0,1,,,1.0,0,1,,0,0.0,0.0,0.0,0.0,1.0,,0.0,0.0,0.0,0.0,0.0,0.0,1.0,0.0,1.0,0.0,1.0,0.0,1.0,0.0,1.0
X_KLNYJUXABO,eng,1,0,0,0,0,0,0,1,,,0.0,1,0,,0,0.0,0.0,0.0,1.0,0.0,,0.0,0.0,0.0,0.0,1.0,0.0,1.0,0.0,1.0,1.0,0.0,0.0,1.0,0.0,1.0
X_OWQUXVDATJ,eng,0,1,0,0,0,0,1,0,,,1.0,0,1,,0,0.0,0.0,0.0,0.0,1.0,,0.0,0.0,0.0,0.0,0.0,0.0,1.0,0.0,1.0,0.0,1.0,0.0,1.0,0.0,1.0
X_SYIXBAZGOV,eng,0,0,1,0,0,0,0,1,,,1.0,0,1,,0,0.0,0.0,0.0,0.0,1.0,,0.0,0.0,0.0,0.0,0.0,0.0,1.0,0.0,1.0,0.0,1.0,0.0,1.0,0.0,1.0
X_YDHWTMXLEA,eng,1,0,0,0,0,0,0,1,,,1.0,0,1,,0,0.0,0.0,0.0,0.0,1.0,,0.0,0.0,0.0,0.0,0.0,0.0,1.0,0.0,1.0,0.0,1.0,0.0,1.0,0.0,1.0
X_LMORKPZSJW,eng,0,1,0,0,0,0,0,1,,,1.0,0,1,,0,0.0,0.0,0.0,0.0,0.0,,1.0,0.0,0.0,0.0,0.0,0.0,1.0,0.0,1.0,0.0,1.0,0.0,1.0,0.0,1.0
X_LUZMERKFPT,eng,0,1,0,0,0,0,0,1,,,0.0,1,0,,0,0.0,0.0,1.0,0.0,0.0,,0.0,0.0,0.0,0.0,1.0,0.0,1.0,0.0,1.0,1.0,0.0,1.0,0.0,0.0,1.0
X_UTJHEKXNZF,eng,1,0,0,0,0,0,0,1,,,0.0,1,0,,1,0.0,0.0,0.0,0.0,0.0,,1.0,0.0,0.0,0.0,0.0,0.0,1.0,0.0,1.0,0.0,1.0,0.0,1.0,0.0,1.0
X_PDYRONZUBX,eng,0,0,0,1,0,0,0,1,,,1.0,0,1,,0,0.0,0.0,0.0,0.0,1.0,,0.0,0.0,0.0,0.0,0.0,0.0,1.0,0.0,1.0,0.0,1.0,0.0,1.0,0.0,1.0
X_PJXOTLUYRG,eng,0,1,0,0,0,0,0,1,,,1.0,0,0,,1,0.0,0.0,0.0,0.0,0.0,,1.0,0.0,0.0,0.0,0.0,0.0,1.0,0.0,1.0,0.0,1.0,0.0,1.0,0.0,1.0
X_QRIKDZLWCS,eng,0,1,0,0,0,0,0,1,,,1.0,0,1,,0,0.0,0.0,0.0,0.0,1.0,,0.0,0.0,0.0,0.0,0.0,0.0,1.0,0.0,1.0,0.0,1.0,0.0,1.0,0.0,1.0
X_DCXNASELVF,eng,0,1,0,0,0,0,0,1,,,1.0,0,1,,0,0.0,0.0,0.0,0.0,1.0,,0.0,0.0,0.0,0.0,0.0,0.0,1.0,0.0,1.0,0.0,1.0,0.0,1.0,0.0,1.0
X_XTJBZALRGH,eng,0,1,0,0,0,0,0,1,,,0.0,1,0,,0,0.0,0.0,0.0,1.0,0.0,,0.0,0.0,0.0,0.0,1.0,0.0,1.0,0.0,1.0,0.0,1.0,0.0,1.0,0.0,1.0
X_LOKIFARPTV,eng,0,0,0.0,1.0,0.0,0.0,0.0,1.0,,,0.0,1.0,0.0,,0.0,0.0,0.0,1.0,0.0,0.0,,0.0,0.0,0.0,0.0,1.0,0.0,1.0,0.0,1.0,0.0,1.0,0.0,1.0,0.0,1.0
X_VTONPWJUXS,eng,1,0,0,0,0,0,0,1,,,1.0,0,0,,0,0.0,0.0,0.0,1.0,0.0,,0.0,0.0,0.0,0.0,1.0,0.0,1.0,0.0,1.0,0.0,1.0,0.0,1.0,0.0,1.0
X_ZKIPQUTLHW,eng,0,1,0,0,0,0,0,1,,,1.0,0,1,,0,0.0,0.0,0.0,0.0,1.0,,0.0,0.0,0.0,0.0,0.0,0.0,1.0,0.0,1.0,0.0,1.0,0.0,1.0,0.0,1.0
X_BTHIMYPXNE,eng,0,1,0,0,0,0,0,1,,,0.0,1,0,,0,0.0,0.0,0.0,1.0,0.0,,0.0,0.0,0.0,0.0,1.0,0.0,1.0,0.0,1.0,0.0,1.0,0.0,1.0,0.0,1.0
X_IPLHWRAJTQ,eng,1,0,0,0,0,0,0,1,,,1.0,0,1,,0,0.0,0.0,0.0,0.0,1.0,,0.0,0.0,0.0,0.0,0.0,0.0,1.0,0.0,1.0,0.0,1.0,0.0,1.0,0.0,1.0
X_CSXUFHEMAN,eng,0,1,0,0,0,0,0,1,,,0.0,1,0,,0,0.0,1.0,0.0,0.0,0.0,,0.0,0.0,1.0,0.0,0.0,0.0,1.0,0.0,1.0,0.0,1.0,0.0,1.0,0.0,1.0
X_OUVICNRKGB,eng,0,0,0,1,0,0,0,1,,,1.0,0,1,,0,0.0,0.0,0.0,0.0,1.0,,0.0,0.0,0.0,0.0,0.0,0.0,1.0,0.0,1.0,0.0,1.0,0.0,1.0,0.0,1.0
X_VPYJRCZIFO,eng,1,0,0,0,0,0,0,1,,,1.0,0,1,,0,0.0,0.0,0.0,0.0,1.0,,0.0,0.0,0.0,0.0,0.0,0.0,1.0,0.0,1.0,0.0,1.0,0.0,1.0,0.0,1.0
X_VBJCRILGYA,eng,0,1,0,0,0,0,1,0,,,1.0,0,1,,0,0.0,0.0,0.0,0.0,1.0,,0.0,0.0,0.0,0.0,0.0,0.0,1.0,0.0,1.0,0.0,1.0,0.0,1.0,0.0,1.0
X_RBXSFTMCLG,eng,0,1,0,0,0,0,0,1,,,1.0,0,1,,0,0.0,0.0,0.0,0.0,1.0,,0.0,0.0,0.0,0.0,0.0,0.0,1.0,0.0,1.0,0.0,1.0,0.0,1.0,0.0,1.0
X_FXGYWRSIDK,eng,1,0,0,0,0,0,0,1,,,1.0,0,1,,0,0.0,0.0,0.0,0.0,0.0,,1.0,0.0,0.0,0.0,0.0,0.0,1.0,0.0,1.0,0.0,1.0,0.0,1.0,0.0,1.0
X_RXBKDLHZOY,eng,0,1,0,0,0,0,0,1,,,1.0,0,1,,0,0.0,0.0,0.0,0.0,1.0,,0.0,0.0,0.0,0.0,0.0,0.0,1.0,0.0,1.0,0.0,1.0,0.0,1.0,0.0,1.0
X_QAVXBMOFTN,eng,0,1,0,0,0,0,0,1,,,0.0,1,0,,0,0.0,0.0,0.0,1.0,0.0,,0.0,0.0,0.0,0.0,1.0,0.0,1.0,0.0,1.0,0.0,1.0,0.0,1.0,0.0,1.0
X_ZUEATMWBPC,eng,1,0,0,0,0,0,0,1,,,0.0,1,0,,0,0.0,0.0,1.0,0.0,0.0,,0.0,0.0,0.0,0.0,1.0,0.0,1.0,0.0,1.0,1.0,0.0,1.0,0.0,0.0,1.0
X_COGKIVQHTD,eng,1,0,0,0,0,0,1,0,,,1.0,0,1,,0,0.0,0.0,0.0,0.0,1.0,,0.0,0.0,0.0,0.0,0.0,0.0,1.0,0.0,1.0,0.0,1.0,0.0,1.0,0.0,1.0
X_WYDQRUMOGX,eng,0,1,0,0,0,0,0,1,,,0.0,1,0,,0,0.0,0.0,0.0,1.0,0.0,,0.0,0.0,0.0,0.0,1.0,0.0,1.0,0.0,1.0,0.0,1.0,0.0,1.0,0.0,1.0
X_GPWZYBMCIA,eng,1,0,0,0,0,0,0,1,,,1.0,0,1,,0,0.0,0.0,0.0,0.0,1.0,,0.0,0.0,0.0,0.0,0.0,0.0,1.0,0.0,1.0,0.0,1.0,0.0,1.0,0.0,1.0
X_YNDSGKTRWQ,eng,1,0,0,0,0,0,0,1,,,0.0,1,0,,0,1.0,0.0,0.0,0.0,0.0,,0.0,1.0,0.0,0.0,0.0,0.0,1.0,0.0,1.0,0.0,1.0,0.0,1.0,0.0,1.0
X_DIWNKZUABP,eng,0,1,0,0,0,0,0,1,,,1.0,0,1,,0,0.0,0.0,0.0,0.0,1.0,,0.0,0.0,0.0,0.0,0.0,0.0,1.0,0.0,1.0,0.0,1.0,0.0,1.0,0.0,1.0
X_XUDJNQOKPB,eng,0,1,0,0.0,0.0,0.0,0.0,1.0,,,1.0,0.0,1.0,,0.0,0.0,0.0,0.0,0.0,1.0,,0.0,0.0,0.0,0.0,0.0,0.0,1.0,0.0,1.0,0.0,1.0,0.0,1.0,0.0,1.0
X_HFBDMSOJIQ,eng,1,0,0,0,0,0,0,1,,,1.0,0,1,,0,0.0,0.0,0.0,0.0,1.0,,0.0,0.0,0.0,0.0,0.0,0.0,1.0,0.0,1.0,0.0,1.0,0.0,1.0,0.0,1.0
X_TEIAYJQVWD,eng,0,1,0,0,0,0,0,1,,,0.0,1,0,,0,0.0,0.0,1.0,0.0,0.0,,0.0,0.0,0.0,1.0,0.0,0.0,1.0,0.0,1.0,0.0,1.0,0.0,1.0,0.0,1.0
X_LYNRJZOKTD,eng,0,1,0,0,0,0,0,1,,,1.0,0,1,,0,0.0,0.0,0.0,0.0,1.0,,0.0,0.0,0.0,0.0,0.0,0.0,1.0,0.0,1.0,0.0,1.0,0.0,1.0,0.0,1.0
X_SIZPBMUGQR,eng,0,1,0,0,0,0,0,1,,,1.0,0,1,,0,0.0,0.0,0.0,0.0,1.0,,0.0,0.0,0.0,0.0,0.0,0.0,1.0,0.0,1.0,0.0,1.0,0.0,1.0,0.0,1.0
X_UNLMPXIBTO,eng,0,1,0,0,0,0,0,1,,,0.0,1,0,,0,0.0,0.0,1.0,0.0,0.0,,0.0,0.0,0.0,0.0,1.0,0.0,1.0,0.0,1.0,0.0,1.0,0.0,1.0,0.0,1.0
X_IGZVPXWCUO,eng,1,0,0,0,0,0,0,1,,,1.0,0,0,,1,0.0,0.0,0.0,0.0,0.0,,1.0,0.0,0.0,0.0,0.0,1.0,0.0,1.0,0.0,1.0,0.0,1.0,0.0,1.0,0.0
X_IGZVPXWCUO,eng,1,0,0,0,0,0,0,1,,,1.0,0,0,,1,0.0,0.0,0.0,0.0,0.0,,1.0,0.0,0.0,0.0,0.0,1.0,0.0,1.0,0.0,1.0,0.0,1.0,0.0,1.0,0.0
X_FUZXWEYBTG,eng,0,1,0,0,0,0,0,1,,,1.0,0,1,,0,0.0,0.0,0.0,0.0,1.0,,0.0,0.0,0.0,0.0,0.0,0.0,1.0,0.0,1.0,0.0,1.0,0.0,1.0,0.0,1.0
X_CXWEFJKVMB,eng,1,0,0,0,0,0,0,1,,,0.0,1,0,,0,0.0,0.0,1.0,0.0,0.0,,0.0,0.0,0.0,1.0,0.0,0.0,1.0,0.0,1.0,0.0,1.0,0.0,1.0,0.0,1.0
X_FMCRSQKIXY,eng,1,0,0,0,0,0,0,1,,,0.0,1,0,,0,0.0,0.0,1.0,0.0,0.0,,0.0,0.0,0.0,0.0,1.0,0.0,1.0,0.0,1.0,0.0,1.0,0.0,1.0,0.0,1.0
X_GNWJLPMTDV,eng,0,0,1,0,0,0,0,1,,,1.0,0,1,,0,0.0,0.0,0.0,0.0,1.0,,0.0,0.0,0.0,0.0,0.0,0.0,1.0,0.0,1.0,0.0,1.0,0.0,1.0,0.0,1.0
X_QSVOEGXINT,eng,1,0,0,0,0,0,0,1,,,0.0,1,0,,0,0.0,1.0,0.0,0.0,0.0,,0.0,0.0,0.0,1.0,0.0,0.0,1.0,0.0,1.0,0.0,1.0,0.0,1.0,0.0,1.0
X_MGRCZVJEHK,eng,0,0,1,0,0,0,0,1,,,0.0,1,0,,0,0.0,0.0,1.0,0.0,0.0,,0.0,0.0,0.0,0.0,1.0,0.0,1.0,0.0,1.0,0.0,1.0,0.0,1.0,0.0,1.0
X_PKWUARXSQD,eng,1,0,0,0,0,0,1,0,,,0.0,1,0,,0,0.0,1.0,0.0,0.0,0.0,,0.0,0.0,0.0,1.0,0.0,0.0,1.0,0.0,1.0,1.0,0.0,0.0,1.0,0.0,1.0
X_QHDWTONPZL,eng,1,0,0,0,0,0,1,0,,,0.0,1,0,,0,0.0,1.0,0.0,0.0,0.0,,0.0,0.0,0.0,1.0,0.0,0.0,1.0,0.0,1.0,0.0,1.0,0.0,1.0,0.0,1.0
X_JRVQALMGFC,eng,0,1,0,0,0,0,0,1,,,1.0,0,1,,0,0.0,0.0,0.0,0.0,0.0,,1.0,0.0,0.0,0.0,0.0,0.0,1.0,0.0,1.0,0.0,1.0,0.0,1.0,1.0,0.0
X_JWXNBSRPMC,eng,0,0,0,1,0,0,1,0,,,1.0,0,1,,0,0.0,0.0,0.0,0.0,1.0,,0.0,0.0,0.0,0.0,0.0,0.0,1.0,0.0,1.0,0.0,1.0,0.0,1.0,0.0,1.0
X_OKNUIYDEPA,eng,1,0,0,0,0,0,1,0,,,0.0,1,0,,0,0.0,0.0,1.0,0.0,0.0,,0.0,0.0,0.0,0.0,1.0,0.0,1.0,0.0,1.0,1.0,0.0,0.0,1.0,0.0,1.0
X_RBSZECIGDN,eng,0,1,0,0,0,0,0,1,,,0.0,1,0,,0,0.0,0.0,1.0,0.0,0.0,,0.0,0.0,0.0,0.0,1.0,0.0,1.0,0.0,1.0,0.0,1.0,0.0,1.0,0.0,1.0
X_YIECJQMKSB,eng,0,1,0,0,0,0,0,1,,,1.0,0,0,,1,0.0,0.0,0.0,0.0,0.0,,1.0,0.0,0.0,0.0,0.0,0.0,1.0,0.0,1.0,0.0,1.0,0.0,1.0,0.0,1.0
X_ASVWHXGDFQ,eng,0,0,1,0,0,0,0,1,,,0.0,1,0,,0,0.0,0.0,1.0,0.0,0.0,,0.0,0.0,0.0,0.0,1.0,0.0,1.0,0.0,1.0,0.0,1.0,0.0,1.0,0.0,1.0
X_QZDMBTYNGK,eng,0,0,0,0,1,0,0,1,,,1.0,0,1,,0,0.0,0.0,0.0,0.0,1.0,,0.0,0.0,0.0,0.0,0.0,0.0,1.0,0.0,1.0,0.0,1.0,0.0,1.0,0.0,1.0
X_VAMSBDUGZW,eng,0,0,0,1,0,0,1,0,,,0.0,1,0,,0,0.0,0.0,1.0,0.0,0.0,,0.0,0.0,0.0,1.0,0.0,0.0,1.0,0.0,1.0,0.0,1.0,0.0,1.0,0.0,1.0
X_EYHGLSPTKI,eng,0,0,1,0,0,0,0,1,,,0.0,1,0,,0,0.0,0.0,0.0,1.0,0.0,,0.0,0.0,0.0,0.0,1.0,0.0,1.0,0.0,1.0,0.0,1.0,0.0,1.0,0.0,1.0
X_OVEYAZDHPC,eng,1,0,0,0,0,0,1,0,,,1.0,0,0,,1,0.0,0.0,0.0,0.0,0.0,,1.0,0.0,0.0,0.0,0.0,0.0,1.0,0.0,1.0,0.0,1.0,0.0,1.0,0.0,1.0
X_ZSIPLDBTOF,eng,0,0,0,1,0,0,0,1,,,1.0,0,1,,0,0.0,0.0,0.0,0.0,0.0,,0.0,1.0,0.0,0.0,0.0,0.0,1.0,0.0,1.0,0.0,1.0,0.0,1.0,0.0,1.0
X_GZHADXOIMR,eng,0,1,0,0,0,0,0,1,,,1.0,0,1,,0,0.0,0.0,0.0,0.0,1.0,,0.0,0.0,0.0,0.0,0.0,0.0,1.0,0.0,1.0,0.0,1.0,0.0,1.0,0.0,1.0
X_UPRWKOJLGT,eng,0,0,0,1,0,0,0,1,,,0.0,1,0,,0,0.0,0.0,1.0,0.0,0.0,,0.0,0.0,0.0,0.0,1.0,0.0,1.0,0.0,1.0,0.0,1.0,0.0,1.0,0.0,1.0
X_HEXAPQTRNS,eng,1,0,0,0,0,0,0,1,,,1.0,0,1,,0,0.0,0.0,0.0,0.0,1.0,,0.0,0.0,0.0,0.0,0.0,0.0,1.0,0.0,1.0,0.0,1.0,0.0,1.0,0.0,1.0
X_SZTEXPBCIO,eng,1,0,0,0,0,0,0,1,,,1.0,0,1,,0,0.0,0.0,0.0,0.0,1.0,,0.0,0.0,0.0,0.0,0.0,0.0,1.0,0.0,1.0,0.0,1.0,0.0,1.0,0.0,1.0
X_NYFGLWTEPO,eng,1,0,0,0,0,0,0,1,,,1.0,0,1,,0,0.0,0.0,0.0,0.0,1.0,,0.0,0.0,0.0,0.0,0.0,0.0,1.0,0.0,1.0,0.0,1.0,0.0,1.0,0.0,1.0
X_JBYNULWKEF,eng,0,0,0,1,0,0,0,1,,,1.0,0,1,,0,0.0,0.0,0.0,0.0,1.0,,0.0,0.0,0.0,0.0,0.0,0.0,1.0,0.0,1.0,0.0,1.0,0.0,1.0,0.0,1.0
X_IMSYHRZVQE,eng,0,1,0,0,0,0,0,1,,,1.0,0,1,,0,0.0,0.0,0.0,0.0,1.0,,0.0,0.0,0.0,0.0,0.0,0.0,1.0,0.0,1.0,0.0,1.0,0.0,1.0,0.0,1.0
X_TMOHADFKVL,eng,0,1,0,0,0,0,0,1,,,0.0,1,0,,0,0.0,0.0,0.0,1.0,0.0,,0.0,0.0,0.0,0.0,1.0,0.0,1.0,0.0,1.0,0.0,1.0,0.0,1.0,0.0,1.0
X_RBADOUWFGX,eng,0,1,0,0,0,0,1,0,,,0.0,1,0,,1,0.0,0.0,0.0,0.0,0.0,,1.0,0.0,0.0,0.0,0.0,0.0,1.0,0.0,1.0,1.0,0.0,1.0,0.0,0.0,1.0
X_QABFWVJOZK,eng,0,0,1,0,0,0,0,1,,,0.0,1,0,,1,0.0,0.0,0.0,0.0,0.0,,1.0,0.0,0.0,0.0,0.0,0.0,1.0,0.0,1.0,0.0,1.0,0.0,1.0,0.0,1.0
X_SAPHOICNYT,eng,0,1,0,0,0,0,0,1,,,1.0,0,1,,0,0.0,0.0,0.0,0.0,1.0,,0.0,0.0,0.0,0.0,0.0,0.0,1.0,0.0,1.0,0.0,1.0,0.0,1.0,0.0,1.0
X_ZPGLUJVQFD,eng,0,0,1,0,0,0,0,1,,,1.0,0,0,,1,0.0,0.0,0.0,0.0,0.0,,1.0,0.0,0.0,0.0,0.0,1.0,0.0,0.0,1.0,1.0,0.0,1.0,0.0,1.0,0.0
X_KYPQNTIRFO,eng,0,0,1,0,0,0,0,1,,,1.0,0,1,,0,0.0,0.0,0.0,0.0,1.0,,0.0,0.0,0.0,0.0,0.0,0.0,1.0,0.0,1.0,0.0,1.0,0.0,1.0,0.0,1.0
X_MYELBFTGPW,fr,1,0,0,0,0,0,0,1,1.0,0,0,1,0.0,0.0,0.0,1.0,,0.0,0.0,0.0,0.0,0.0,1.0,0.0,0.0,0.0,0.0,1.0,0.0,1.0,0.0,1.0,0.0,1.0,0.0,1.0
X_EFCXDHBARS,fr,1,0,0,0,0,0,1,0,1.0,0,0,1,0.0,0.0,0.0,1.0,,0.0,0.0,0.0,0.0,0.0,0.0,1.0,0.0,0.0,0.0,1.0,0.0,1.0,0.0,1.0,0.0,1.0,0.0,1.0
X_WQKPJEBHZS,fr,1,0,0,0,0,0,0,1,0.0,1,0,0,1.0,0.0,0.0,0.0,,0.0,0.0,0.0,1.0,0.0,0.0,0.0,1.0,0.0,1.0,0.0,1.0,0.0,1.0,0.0,1.0,,,
X_THMBORALCV,fr,1,0,0,0,0,0,1,0,0.0,1,0,1,0.0,0.0,1.0,0.0,,0.0,0.0,0.0,0.0,1.0,0.0,0.0,0.0,0.0,0.0,1.0,0.0,1.0,0.0,1.0,0.0,1.0,0.0,1.0
X_VMLHQJPNOB,fr,1,0,0,0,0,0,0,1,1.0,0,1,0,0.0,0.0,0.0,0.0,,1.0,0.0,0.0,0.0,1.0,0.0,0.0,0.0,0.0,0.0,1.0,0.0,1.0,0.0,1.0,0.0,1.0,0.0,1.0
X_CKTHZROWXE,fr,0,1,0,0,0,0,0,1,1.0,0,0,1,0.0,0.0,0.0,0.0,,0.0,1.0,0.0,0.0,0.0,0.0,0.0,1.0,0.0,0.0,1.0,0.0,1.0,0.0,1.0,0.0,1.0,0.0,1.0
X_HRTYWONGAJ,fr,1,0,0,0,0,0,0,1,1.0,0,0,1,0.0,0.0,0.0,1.0,,0.0,0.0,0.0,0.0,0.0,0.0,1.0,0.0,0.0,0.0,1.0,0.0,1.0,0.0,1.0,0.0,1.0,0.0,1.0
X_VKBNSAQJXD,fr,1,0,0,0,0,0,0,1,1.0,0,0,1,0.0,0.0,0.0,0.0,,1.0,0.0,0.0,0.0,0.0,0.0,0.0,1.0,0.0,0.0,1.0,0.0,1.0,0.0,1.0,0.0,1.0,0.0,1.0
X_OXVYFUSCHK,fr,1,0,0,0,0,0,0,1,1.0,0,1,0,1.0,0.0,0.0,0.0,,0.0,0.0,1.0,0.0,0.0,0.0,0.0,0.0,0.0,0.0,1.0,0.0,1.0,1.0,0.0,1.0,0.0,0.0,1.0
X_EUYHWQPJLS,fr,1,0,0,0,0,0,0,1,0.0,1,0,1,0.0,0.0,0.0,1.0,,0.0,0.0,0.0,0.0,0.0,1.0,0.0,0.0,0.0,0.0,1.0,0.0,1.0,1.0,0.0,1.0,0.0,1.0,0.0
X_USZBLRTMAX,fr,0,0,1,0,0,0,0,1,0.0,1,0,1,0.0,0.0,0.0,0.0,,0.0,1.0,0.0,0.0,0.0,0.0,0.0,0.0,1.0,0.0,1.0,0.0,1.0,0.0,1.0,0.0,1.0,0.0,1.0
X_SVUMHQNCPZ,fr,0,0,1,0,0,0,0,1,1.0,0,0,1,0.0,0.0,0.0,0.0,,1.0,0.0,0.0,0.0,0.0,1.0,0.0,0.0,0.0,0.0,1.0,0.0,1.0,0.0,1.0,0.0,1.0,0.0,1.0
X_MVBTZHSCWQ,fr,1,0,0,0,0,0,0,1,1.0,0,0,1,0.0,0.0,1.0,0.0,,0.0,0.0,0.0,0.0,0.0,1.0,0.0,0.0,0.0,0.0,1.0,0.0,1.0,0.0,1.0,0.0,1.0,0.0,1.0
X_DBOTKHAVMZ,fr,1,0,0,0,0,0,0,1,1.0,0,0,1,0.0,0.0,0.0,1.0,,0.0,0.0,0.0,0.0,0.0,1.0,0.0,0.0,0.0,0.0,1.0,0.0,1.0,0.0,1.0,0.0,1.0,0.0,1.0
X_NXHLSMGEWA,fr,0,1,0,0,0,0,0,1,1.0,0,0,1,0.0,0.0,0.0,0.0,,1.0,0.0,0.0,0.0,0.0,0.0,0.0,1.0,0.0,0.0,1.0,0.0,1.0,0.0,1.0,0.0,1.0,0.0,1.0
X_CBAPIQOTWD,fr,1,0,0,0,0,0,0,1,1.0,0,0,1,0.0,0.0,0.0,1.0,,0.0,0.0,0.0,0.0,0.0,1.0,0.0,0.0,0.0,0.0,1.0,0.0,1.0,0.0,1.0,0.0,1.0,0.0,1.0
X_VPCELTFWUX,fr,0,1,0,0,0,0,0,1,1.0,0,0,1,0.0,0.0,0.0,0.0,,1.0,0.0,0.0,0.0,0.0,0.0,1.0,0.0,0.0,0.0,1.0,0.0,1.0,0.0,1.0,0.0,1.0,0.0,1.0
X_DPTAKVCQRB,fr,0,1,0,0,0,0,0,1,1.0,0,0,1,0.0,0.0,0.0,1.0,,0.0,0.0,0.0,0.0,0.0,0.0,1.0,0.0,0.0,0.0,1.0,0.0,1.0,0.0,1.0,0.0,1.0,0.0,1.0
X_XANOPYMUDI,fr,0,1,0,0,0,0,1,0,1.0,0,0,1,0.0,0.0,0.0,1.0,,0.0,0.0,0.0,0.0,0.0,0.0,1.0,0.0,0.0,0.0,1.0,0.0,1.0,1.0,0.0,1.0,0.0,0.0,1.0
X_WNSMJKLZIB,fr,0,1,0,0,0,0,0,1,1.0,0,0,1,0.0,0.0,0.0,1.0,,0.0,0.0,0.0,0.0,0.0,0.0,1.0,0.0,0.0,0.0,1.0,0.0,1.0,0.0,1.0,0.0,1.0,0.0,1.0
X_EMQXTCOVIU,fr,1,0,0,0,0,0,1,0,1.0,0,0,1,0.0,0.0,0.0,1.0,,0.0,0.0,0.0,0.0,0.0,0.0,1.0,0.0,0.0,0.0,1.0,0.0,1.0,0.0,1.0,0.0,1.0,0.0,1.0
X_AFKNOWEDBR,fr,1,0,0,0,0,0,0,1,1.0,0,0,1,0.0,0.0,0.0,0.0,,1.0,0.0,0.0,0.0,0.0,0.0,0.0,1.0,0.0,0.0,1.0,0.0,1.0,0.0,1.0,0.0,1.0,0.0,1.0
X_PKFUNXOWAT,fr,1,0,0,0,0,0,0,1,1.0,0,0,1,0.0,0.0,0.0,1.0,,0.0,0.0,0.0,0.0,0.0,0.0,1.0,0.0,0.0,0.0,1.0,0.0,1.0,0.0,1.0,0.0,1.0,0.0,1.0
X_DVOHUJWGCF,fr,0,0,1,0,0,0,0,1,1.0,0,0,1,0.0,0.0,0.0,0.0,,1.0,0.0,0.0,0.0,0.0,0.0,1.0,0.0,0.0,0.0,1.0,0.0,1.0,0.0,1.0,0.0,1.0,0.0,1.0
X_WUDALSMEOX,fr,0,1,0,0,0,0,0,1,0.0,1,0,1,0.0,0.0,0.0,1.0,,0.0,0.0,0.0,0.0,0.0,0.0,0.0,1.0,0.0,0.0,1.0,0.0,1.0,0.0,1.0,0.0,1.0,0.0,1.0
X_JLZNHKVMPY,fr,0,1,0,0,0,0,0,1,1.0,0,0,1,0.0,0.0,0.0,0.0,,0.0,1.0,0.0,0.0,0.0,0.0,0.0,1.0,0.0,0.0,1.0,0.0,1.0,0.0,1.0,0.0,1.0,0.0,1.0
X_MORGPWHJXZ,fr,1,0,0,0,0,0,0,1,0.0,1,0,1,0.0,0.0,1.0,0.0,,0.0,0.0,0.0,0.0,1.0,0.0,0.0,0.0,0.0,0.0,1.0,0.0,1.0,1.0,0.0,1.0,0.0,1.0,0.0
X_QBYXVMASNI,fr,1,0,0,0,0,0,0,1,1.0,0,0,1,0.0,0.0,0.0,0.0,,1.0,0.0,0.0,0.0,0.0,0.0,0.0,1.0,0.0,0.0,1.0,0.0,1.0,0.0,1.0,0.0,1.0,0.0,1.0
X_XWKLRVNIFZ,fr,1,0,0,0,0,0,0,1,1.0,0,0,1,0.0,0.0,0.0,0.0,,0.0,1.0,0.0,0.0,0.0,0.0,0.0,1.0,0.0,0.0,1.0,0.0,1.0,1.0,0.0,0.0,1.0,0.0,1.0
X_DOQECKBAFY,fr,1,0,0,0,0,0,1,0,1.0,0,0,1,0.0,0.0,0.0,0.0,,1.0,0.0,0.0,0.0,0.0,0.0,1.0,0.0,0.0,0.0,1.0,0.0,1.0,0.0,1.0,0.0,1.0,0.0,1.0
X_UYEXDJTHKB,fr,0,0,1,0,0,0,0,1,1.0,0,0,1,0.0,0.0,0.0,0.0,,1.0,0.0,0.0,0.0,0.0,0.0,0.0,1.0,0.0,0.0,1.0,0.0,1.0,0.0,1.0,0.0,1.0,0.0,1.0
X_JZMYXRLAIV,fr,1,0,0,0,0,0,0,1,1.0,0,0,1,0.0,0.0,0.0,0.0,,1.0,0.0,0.0,0.0,0.0,0.0,1.0,0.0,0.0,0.0,1.0,0.0,1.0,0.0,1.0,0.0,1.0,0.0,1.0
X_DHVJPANYEF,fr,1,0,0,0,0,0,0,1,1.0,0,0,1,0.0,0.0,0.0,0.0,,1.0,0.0,0.0,0.0,0.0,1.0,0.0,0.0,0.0,0.0,1.0,0.0,1.0,0.0,1.0,0.0,1.0,0.0,1.0
X_UCEPVALKHR,fr,1,0,0,0,0,0,1,0,1.0,0,0,1,0.0,0.0,0.0,1.0,,0.0,0.0,0.0,0.0,0.0,1.0,0.0,0.0,0.0,0.0,1.0,0.0,1.0,1.0,0.0,1.0,0.0,1.0,0.0
X_HDOSBQVEYU,fr,0,1,0,0,0,0,0,1,1.0,0,0,1,0.0,0.0,0.0,1.0,,0.0,0.0,0.0,0.0,0.0,0.0,1.0,0.0,0.0,0.0,1.0,0.0,1.0,0.0,1.0,0.0,1.0,0.0,1.0
X_ARQPUJXNZG,fr,0,0,1,0,0,0,0,1,1.0,0,0,1,0.0,0.0,0.0,1.0,,0.0,0.0,0.0,0.0,0.0,0.0,1.0,0.0,0.0,0.0,1.0,0.0,1.0,0.0,1.0,0.0,1.0,0.0,1.0
X_YBNMPIHUOK,fr,0,1,0,0,0,0,0,1,0.0,1,0,1,0.0,0.0,1.0,0.0,,0.0,0.0,0.0,0.0,1.0,0.0,0.0,0.0,0.0,0.0,1.0,0.0,1.0,0.0,1.0,0.0,1.0,0.0,1.0
X_DHWJERYCPX,fr,1,0,0,0,0,0,0,1,1.0,0,0,1,0.0,0.0,0.0,1.0,,0.0,0.0,0.0,0.0,0.0,1.0,0.0,0.0,0.0,0.0,1.0,0.0,1.0,0.0,1.0,0.0,1.0,0.0,1.0
X_EDCVOQXTJH,fr,1,0,0,0,0,0,0,1,1.0,0,0,1,0.0,0.0,0.0,1.0,,0.0,0.0,0.0,0.0,0.0,0.0,1.0,0.0,0.0,0.0,1.0,0.0,1.0,0.0,1.0,0.0,1.0,0.0,1.0
X_KMDQCFATJZ,fr,0,1,0,0,0,0,1,0,1.0,0,0,1,0.0,0.0,0.0,0.0,,1.0,0.0,0.0,0.0,0.0,1.0,0.0,0.0,0.0,0.0,1.0,0.0,1.0,0.0,1.0,0.0,1.0,0.0,1.0
X_XVOLYUGRPH,fr,0,1,0,0,0,0,0,1,1.0,0,0,1,0.0,0.0,0.0,1.0,,0.0,0.0,0.0,0.0,0.0,1.0,0.0,0.0,0.0,0.0,1.0,0.0,1.0,0.0,1.0,0.0,1.0,0.0,1.0
X_EQISVDKGNW,fr2,0,1,0,0,0,0,0,1,,,0.0,1,0,,0,0.0,0.0,1.0,0.0,0.0,,0.0,0.0,1.0,0.0,0.0,0.0,1.0,0.0,1.0,1.0,0.0,1.0,0.0,0.0,1.0
X_GCKOFSIVNM,fr2,0,1,0,0.0,0.0,0.0,0.0,1.0,,,0.0,1.0,0.0,,0.0,0.0,1.0,0.0,0.0,0.0,,0.0,0.0,0.0,1.0,0.0,0.0,1.0,0.0,1.0,0.0,1.0,0.0,1.0,0.0,1.0
X_TMYSXIEZVU,fr2,0,1,0,0,0,0,0,1,,,0.0,1,0,,1,0.0,0.0,0.0,0.0,0.0,,1.0,0.0,0.0,0.0,0.0,0.0,1.0,0.0,1.0,1.0,0.0,1.0,0.0,0.0,1.0
X_NQBUAYWXIP,fr2,0,0,1,0,0,0,0,1,,,0.0,1,0,,0,1.0,0.0,0.0,0.0,0.0,,0.0,1.0,0.0,0.0,0.0,0.0,1.0,0.0,1.0,0.0,1.0,0.0,1.0,0.0,1.0
X_OEQPNHIJFV,fr2,1,0,0,0,0,0,1,0,,,0.0,1,0,,0,0.0,0.0,1.0,0.0,0.0,,0.0,1.0,0.0,0.0,0.0,0.0,1.0,0.0,1.0,0.0,1.0,0.0,1.0,0.0,1.0
X_AGMZUVQKOS,fr2,0,0,1,0,0,0,0,1,,,0.0,1,0,,0,0.0,0.0,1.0,0.0,0.0,,0.0,0.0,0.0,1.0,0.0,0.0,1.0,0.0,1.0,0.0,1.0,0.0,1.0,0.0,1.0
X_GRJBCDHPSW,fr2,1,0,0,0,0,0,0,1,,,0.0,1,0,,0,1.0,0.0,0.0,0.0,0.0,,1.0,0.0,0.0,0.0,0.0,0.0,1.0,0.0,1.0,0.0,1.0,0.0,1.0,0.0,1.0
X_QPFCLVGRWN,fr2,0,0,0,1.0,0.0,0.0,0.0,1.0,,,0.0,1.0,0.0,,0.0,0.0,1.0,0.0,0.0,0.0,,0.0,0.0,1.0,0.0,0.0,0.0,1.0,0.0,1.0,0.0,1.0,0.0,1.0,0.0,1.0
X_QVISREZGDK,fr2,1,0,0,0,0,0,1,0,,,0.0,1,0,,0,0.0,1.0,0.0,0.0,0.0,,0.0,0.0,1.0,0.0,0.0,0.0,1.0,0.0,1.0,0.0,1.0,0.0,1.0,0.0,1.0
X_OQCDYZUPRA,fr2,1,0,0,0,0,0,0,1,,,0.0,1,0,,0,0.0,0.0,1.0,0.0,0.0,,0.0,0.0,0.0,1.0,0.0,0.0,1.0,0.0,1.0,0.0,1.0,0.0,1.0,0.0,1.0
X_JLDFQWNCMZ,fr2,0,1,0,0,0,0,0,1,,,0.0,1,0,,0,1.0,0.0,0.0,0.0,0.0,,0.0,0.0,1.0,0.0,0.0,0.0,1.0,0.0,1.0,0.0,1.0,1.0,0.0,0.0,1.0
X_NVMXZAKILY,fr2,0,0,1,0,0,0,0,1,,,0.0,1,0,,0,0.0,0.0,1.0,0.0,0.0,,0.0,0.0,0.0,1.0,0.0,0.0,1.0,0.0,1.0,0.0,1.0,0.0,1.0,0.0,1.0
X_KELORDTBZN,fr2,1,0,0,0,0,0,0,1,,,0.0,1,0,,0,0.0,1.0,0.0,0.0,0.0,,0.0,0.0,1.0,0.0,0.0,0.0,1.0,0.0,1.0,0.0,1.0,0.0,1.0,0.0,1.0
X_RLBNGPZWKF,fr2,1,0,0,0,0,0,0,1,,,0.0,1,0,,0,1.0,0.0,0.0,0.0,0.0,,0.0,0.0,1.0,0.0,0.0,0.0,1.0,0.0,1.0,0.0,1.0,0.0,1.0,0.0,1.0
X_YDLIAROTNG,fr2,0,1,0,0,0,0,0,1,,,0.0,1,0,,0,0.0,0.0,1.0,0.0,0.0,,0.0,0.0,0.0,1.0,0.0,0.0,1.0,0.0,1.0,0.0,1.0,0.0,1.0,0.0,1.0
X_BEJTGWCKVO,fr2,1,0,0,0,0,0,0,1,,,0.0,1,0,,1,0.0,0.0,0.0,0.0,0.0,,1.0,0.0,0.0,0.0,0.0,0.0,1.0,0.0,1.0,0.0,1.0,0.0,1.0,0.0,1.0
X_QFNVUYJXAL,fr2,1,0,0,0,0,0,0,1,,,0.0,1,0,,0,0.0,1.0,0.0,0.0,0.0,,0.0,1.0,0.0,0.0,0.0,0.0,1.0,0.0,1.0,0.0,1.0,0.0,1.0,0.0,1.0
X_QFZTOGWXPJ,fr2,0,0,0,1,0,0,0,1,,,0.0,1,0,,1,0.0,0.0,0.0,0.0,0.0,,1.0,0.0,0.0,0.0,0.0,0.0,1.0,0.0,1.0,0.0,1.0,0.0,1.0,0.0,1.0
X_PXLGBWZENT,fr2,0,1,0,0,0,0,0,1,,,0.0,1,0,,0,0.0,1.0,0.0,0.0,0.0,,0.0,1.0,0.0,0.0,0.0,0.0,1.0,0.0,1.0,1.0,0.0,0.0,1.0,1.0,0.0
X_HYBUVIRAWE,fr2,1,0,0,0,0,0,0,1,,,0.0,1,0,,0,0.0,0.0,1.0,0.0,0.0,,0.0,0.0,0.0,1.0,0.0,1.0,0.0,0.0,1.0,0.0,1.0,0.0,1.0,0.0,1.0
X_YXIUOCPNQG,fr2,1,0,0,0,0,0,0,1,,,0.0,1,0,,0,1.0,0.0,0.0,0.0,0.0,,0.0,1.0,0.0,0.0,0.0,0.0,1.0,0.0,1.0,1.0,0.0,0.0,1.0,0.0,1.0
X_AGUMNIESTR,fr2,1,0,0,0,0,0,1,0,,,0.0,1,0,,0,0.0,1.0,0.0,0.0,0.0,,0.0,1.0,0.0,0.0,0.0,0.0,1.0,1.0,0.0,0.0,1.0,0.0,1.0,0.0,1.0
X_MCWPRBKYSJ,fr2,0,1,0,0,0,0,0,1,,,0.0,1,0,,1,0.0,0.0,0.0,0.0,0.0,,1.0,0.0,0.0,0.0,0.0,0.0,1.0,0.0,1.0,1.0,0.0,0.0,1.0,0.0,1.0
X_JTGXDPAFIZ,fr2,0,1,0,0,0,0,0,1,,,0.0,1,0,,0,0.0,1.0,0.0,0.0,0.0,,0.0,0.0,0.0,1.0,0.0,1.0,0.0,0.0,1.0,0.0,1.0,0.0,1.0,0.0,1.0
X_CRPNYQDVWZ,fr2,1,0,0,0,0,0,0,1,,,0.0,1,0,,0,1.0,0.0,0.0,0.0,0.0,,0.0,1.0,0.0,0.0,0.0,0.0,1.0,0.0,1.0,0.0,1.0,0.0,1.0,0.0,1.0
X_BRZUCQWISN,fr2,1,0,0,0,0,0,0,1,,,0.0,1,0,,0,0.0,0.0,1.0,0.0,0.0,,0.0,0.0,0.0,1.0,0.0,0.0,1.0,0.0,1.0,0.0,1.0,0.0,1.0,0.0,1.0
X_OWZGTSAKJU,fr2,1,0,0,0,0,0,0,1,,,0.0,1,0,,0,0.0,1.0,0.0,0.0,0.0,,0.0,0.0,1.0,0.0,0.0,0.0,1.0,0.0,1.0,0.0,1.0,0.0,1.0,0.0,1.0
X_UPSJLYCMOG,fr2,0,1,0,0,0,0,0,1,,,0.0,1,0,,0,0.0,0.0,1.0,0.0,0.0,,0.0,0.0,0.0,1.0,0.0,0.0,1.0,0.0,1.0,0.0,1.0,0.0,1.0,0.0,1.0
X_UDFQBERGYN,fr2,1,0,0,0,0,0,0,1,,,0.0,1,0,,0,0.0,0.0,1.0,0.0,0.0,,0.0,0.0,1.0,0.0,0.0,0.0,1.0,0.0,1.0,0.0,1.0,0.0,1.0,0.0,1.0
X_OQDBPGSKFT,fr2,0,1,0,0,0,0,0,1,,,0.0,1,0,,1,0.0,0.0,0.0,0.0,0.0,,1.0,0.0,0.0,0.0,0.0,1.0,0.0,0.0,1.0,1.0,0.0,0.0,1.0,0.0,1.0
X_JNKAZUCGYW,fr2,0,0,1,0,0,0,1,0,,,1.0,0,1,,0,0.0,0.0,0.0,0.0,1.0,,0.0,0.0,0.0,0.0,0.0,0.0,1.0,0.0,1.0,1.0,0.0,0.0,1.0,0.0,1.0
X_NKWCLOGHTM,fr2,0,0,0,1,0,0,0,1,,,0.0,1,0,,0,0.0,1.0,0.0,0.0,0.0,,0.0,0.0,1.0,0.0,0.0,0.0,1.0,0.0,1.0,0.0,1.0,0.0,1.0,0.0,1.0
X_BSQPAVLRWG,fr2,0,1,0,0,0,0,1,0,,,0.0,1,0,,0,0.0,1.0,0.0,0.0,0.0,,0.0,0.0,0.0,1.0,0.0,0.0,1.0,1.0,0.0,0.0,1.0,0.0,1.0,0.0,1.0
X_DYTAECVWRJ,fr2,1,0,0,0,0,0,0,1,,,0.0,1,0,,1,0.0,0.0,0.0,0.0,0.0,,1.0,0.0,0.0,0.0,0.0,0.0,1.0,0.0,1.0,0.0,1.0,0.0,1.0,0.0,1.0
X_PHQTKFLVSG,fr2,0,1,0,0,0,0,0,1,,,0.0,1,0,,1,0.0,0.0,0.0,0.0,0.0,,1.0,0.0,0.0,0.0,0.0,0.0,1.0,0.0,1.0,0.0,1.0,0.0,1.0,0.0,1.0
X_FIXNAVYUDM,fr2,1,0,0,0,0,0,0,1,,,0.0,1,0,,1,0.0,0.0,0.0,0.0,0.0,,1.0,0.0,0.0,0.0,0.0,0.0,1.0,0.0,1.0,1.0,0.0,1.0,0.0,0.0,1.0
X_LXHWVSOYAI,fr2,0,1,0,0,0,0,0,1,,,0.0,1,0,,1,0.0,0.0,0.0,0.0,0.0,,1.0,0.0,0.0,0.0,0.0,0.0,1.0,0.0,1.0,0.0,1.0,0.0,1.0,0.0,1.0
X_LFTRYAUGVB,fr2,1,0,0,0,0,0,0,1,,,0.0,1,0,,1,0.0,0.0,0.0,0.0,0.0,,1.0,0.0,0.0,0.0,0.0,0.0,1.0,0.0,1.0,0.0,1.0,0.0,1.0,0.0,1.0
X_VUMRJHQCPZ,fr2,1,0,0,0,0,0,0,1,,,0.0,1,0,,0,0.0,0.0,1.0,0.0,0.0,,0.0,0.0,1.0,0.0,0.0,0.0,1.0,0.0,1.0,0.0,1.0,0.0,1.0,0.0,1.0
X_WGDNORQFAX,fr2,1,0,0,0,0,0,0,1,,,0.0,1,0,,0,0.0,0.0,1.0,0.0,0.0,,0.0,0.0,1.0,0.0,0.0,0.0,1.0,0.0,1.0,0.0,1.0,0.0,1.0,0.0,1.0
